# Exported from Wings 3D 2.2.4
mtllib green_tick.mtl
o Cube2_sep22
#12 vertices, 10 faces
v -2.58587845 1.9268703e-2 9.0142720e-2
v -2.73117331 1.9268703e-2 0.16577844
v -2.75235011 1.9268703e-2 0.13775150
v -2.63685458 1.9268703e-2 7.7628330e-2
v -2.80338602 1.9268703e-2 -0.14150104
v -2.77358670 1.9268703e-2 -0.15701359
v -2.58587845 6.2003498e-2 9.0142720e-2
v -2.73117331 6.2003498e-2 0.16577844
v -2.75235011 6.2003498e-2 0.13775150
v -2.63685458 6.2003498e-2 7.7628330e-2
v -2.80338602 6.2003498e-2 -0.14150104
v -2.77358670 6.2003498e-2 -0.15701359
vn -3.4918039e-18 -1.00000000 -9.4075107e-17
vn -3.4918039e-18 -1.00000000 -9.4075107e-17
vn 0.97575592 0.0000000e+0 0.21886159
vn 0.97575592 0.0000000e+0 0.21886159
vn 0.0000000e+0 -1.00000000 0.0000000e+0
vn -0.22006560 0.0000000e+0 0.97548507
vn -0.22006560 0.0000000e+0 0.97548507
vn 0.0000000e+0 -1.00000000 0.0000000e+0
vn -0.97548507 0.0000000e+0 -0.22006560
vn -0.97548507 0.0000000e+0 -0.22006560
vn -3.4918039e-18 -1.00000000 -9.4075107e-17
vn -3.4918039e-18 -1.00000000 -9.4075107e-17
vn -0.97579038 0.0000000e+0 -0.21870789
vn -0.97579038 0.0000000e+0 -0.21870789
vn -6.9836079e-18 -1.00000000 -1.8815021e-16
vn -0.97579038 0.0000000e+0 -0.21870789
vn -0.97579038 0.0000000e+0 -0.21870789
vn -6.9836079e-18 -1.00000000 -1.8815021e-16
vn 0.21886159 0.0000000e+0 -0.97575592
vn 0.21886159 0.0000000e+0 -0.97575592
vn 0.0000000e+0 1.00000000 0.0000000e+0
vn 0.0000000e+0 1.00000000 0.0000000e+0
vn 0.97575592 0.0000000e+0 0.21886159
vn 0.97575592 0.0000000e+0 0.21886159
vn 0.0000000e+0 1.00000000 0.0000000e+0
vn -0.22006560 0.0000000e+0 0.97548507
vn -0.22006560 0.0000000e+0 0.97548507
vn 0.0000000e+0 1.00000000 0.0000000e+0
vn -0.97548507 0.0000000e+0 -0.22006560
vn -0.97548507 0.0000000e+0 -0.22006560
vn 0.0000000e+0 1.00000000 0.0000000e+0
vn 0.0000000e+0 1.00000000 0.0000000e+0
vn -0.97579038 0.0000000e+0 -0.21870789
vn -0.97579038 0.0000000e+0 -0.21870789
vn 0.0000000e+0 1.00000000 0.0000000e+0
vn -0.97579038 0.0000000e+0 -0.21870789
vn -0.97579038 0.0000000e+0 -0.21870789
vn 0.0000000e+0 1.00000000 0.0000000e+0
vn 0.21886159 0.0000000e+0 -0.97575592
vn 0.21886159 0.0000000e+0 -0.97575592
g Cube2_sep22_white2
usemtl white2
s 1
f 2//5 3//8 4//11 1//1
f 4//12 5//15 6//18 1//2
f 7//21 10//31 9//28 8//25
f 7//22 12//38 11//35 10//32
s 2
f 1//3 7//23 8//26 2//6
f 2//7 8//27 9//29 3//9
f 3//10 9//30 10//33 4//13
f 4//14 10//34 11//36 5//16
f 5//17 11//37 12//39 6//19
f 6//20 12//40 7//24 1//4
o Cube2_sep21
#16 vertices, 16 faces
v -1.43251778 -1.2975536e-2 0.33289666
v -1.43251778 3.7024464e-2 0.33289666
v -3.78251778 -1.2975536e-2 0.33289666
v -3.78251778 3.7024464e-2 0.33289666
v -1.43251778 -1.2975536e-2 -0.27110334
v -1.43251778 3.7024464e-2 -0.27110334
v -3.78251778 -1.2975536e-2 -0.27110334
v -3.78251778 3.7024464e-2 -0.27110334
v -1.48817455 -1.2975536e-2 0.27723990
v -1.48817455 3.7024464e-2 0.27723990
v -3.72686102 -1.2975536e-2 0.27723990
v -3.72686102 3.7024464e-2 0.27723990
v -1.48817455 -1.2975536e-2 -0.21544657
v -1.48817455 3.7024464e-2 -0.21544657
v -3.72686102 -1.2975536e-2 -0.21544657
v -3.72686102 3.7024464e-2 -0.21544657
vn 0.40824829 -0.81649658 0.40824829
vn 0.40824829 0.81649658 0.40824829
vn -0.40824829 -0.81649658 0.40824829
vn -0.40824829 0.81649658 0.40824829
vn 0.40824829 -0.81649658 -0.40824829
vn 0.40824829 0.81649658 -0.40824829
vn -0.40824829 -0.81649658 -0.40824829
vn -0.40824829 0.81649658 -0.40824829
vn -0.40824829 -0.81649658 -0.40824829
vn -0.40824829 0.81649658 -0.40824829
vn 0.40824829 -0.81649658 -0.40824829
vn 0.40824829 0.81649658 -0.40824829
vn -0.40824829 -0.81649658 0.40824829
vn -0.40824829 0.81649658 0.40824829
vn 0.40824829 -0.81649658 0.40824829
vn 0.40824829 0.81649658 0.40824829
g Cube2_sep21_nonshiny_green
usemtl nonshiny_green
s 1
f 13//41 17//45 18//46 14//42
f 13//41 21//49 25//53 17//45
f 14//42 16//44 15//43 13//41
f 14//42 22//50 24//52 16//44
f 15//43 23//51 21//49 13//41
f 16//44 20//48 19//47 15//43
f 16//44 24//52 28//56 20//48
f 17//45 19//47 20//48 18//46
f 17//45 25//53 27//55 19//47
f 18//46 26//54 22//50 14//42
f 19//47 27//55 23//51 15//43
f 20//48 28//56 26//54 18//46
f 21//49 23//51 24//52 22//50
f 22//50 26//54 25//53 21//49
f 23//51 27//55 28//56 24//52
f 26//54 28//56 27//55 25//53
o Cube2_copy3
#8 vertices, 6 faces
v -2.54647698 -1.3995598e-2 0.33133146
v -2.54647698 3.6004402e-2 0.33133146
v -2.84647698 -1.3995598e-2 0.33133146
v -2.84647698 3.6004402e-2 0.33133146
v -2.54647698 -1.3995598e-2 -0.26866854
v -2.54647698 3.6004402e-2 -0.26866854
v -2.84647698 -1.3995598e-2 -0.26866854
v -2.84647698 3.6004402e-2 -0.26866854
vn 0.57735027 -0.57735027 0.57735027
vn 0.57735027 0.57735027 0.57735027
vn -0.57735027 -0.57735027 0.57735027
vn -0.57735027 0.57735027 0.57735027
vn 0.57735027 -0.57735027 -0.57735027
vn 0.57735027 0.57735027 -0.57735027
vn -0.57735027 -0.57735027 -0.57735027
vn -0.57735027 0.57735027 -0.57735027
g Cube2_copy3_nonshiny_green
usemtl nonshiny_green
s 1
f 29//57 33//61 34//62 30//58
f 30//58 32//60 31//59 29//57
f 30//58 34//62 36//64 32//60
f 31//59 35//63 33//61 29//57
f 32//60 36//64 35//63 31//59
f 33//61 35//63 36//64 34//62
